386 1199
0 55 11.61981582
55 0 10.65062598	
1 55 12.69201805
2 3 10.03063379
3 2 11.04484083
3 4 14.35271814
4 3 13.72030424
4 5 10.07554013
0 12 11.44361448
12 23 11.58425229
55 11 10.63821382
1 13 14.71222966
2 14 12.21702378
3 15 12.33261751
4 16 10.48868133
55 1 14.61464183
2 1 10.0432955
1 2 11.98286442
5 4 11.73096414
6 5 12.09069749
5 6 11.98344405
5 17 13.93654554
6 7 10.60508933
6 18 10.9093864
7 6 10.02709442
18 6 14.23503397
17 5 13.0323546
16 4 10.11875502
15 3 11.24095787
14 2 14.07952343
13 1 10.99554607
11 55 12.48442163
12 0 11.10821443
7 19 11.06998307
7 8 14.28002968
8 7 14.15935382
8 20 11.26724743
9 8 12.30198021
8 9 11.59218134
9 21 13.15343104
21 9 14.5521415
9 10 14.83282631
10 9 13.01886658
10 53 13.53892014
10 22 10.59838833
53 10 11.63674585
22 10 12.19161174
19 7 10.23414889
20 8 11.16298201
53 54 14.35648129
54 53 12.49325722
22 34 13.09218254
22 21 12.22966644
21 33 11.91827863
21 20 14.55944993
20 32 12.82718396
20 19 11.90480041
20 21 13.28080021
21 22 10.12891491
19 20 14.69665099
19 31 13.38011894
19 18 14.79741128
18 19 14.21023976
18 30 10.6569192
18 17 12.48021732
17 18 13.91545522
17 29 10.34882373
17 16 12.25477362
16 17 12.77754899
16 28 12.61862472
16 15 10.42217009
15 16 14.43946909
15 27 10.26549974
15 14 13.28312972
14 15 12.60350459
14 26 12.77953898
14 13 14.24910443
13 14 11.31039618
13 25 14.66465337
13 11 13.59910384
11 13 13.08871022
11 24 14.64452586
11 12 13.01931862
12 11 13.73600992
23 12 14.80036305
23 24 12.53711828
23 35 13.44630925
24 11 12.34348728
24 37 13.30987241
24 23 10.74963492
24 25 10.63048914
25 38 10.60076525
25 26 10.67630938
25 13 13.44059942
26 14 11.1783654
27 15 12.98688154
28 16 13.91275069
29 17 11.84399706
30 18 10.70631969
31 19 13.38910042
32 20 11.64432601
33 21 12.17621836
34 22 10.16030669
34 33 13.33318318
33 34 12.17507489
33 32 12.15651983
32 33 10.21037765
32 31 12.54539305
31 32 13.5522411
31 30 14.90386721
30 31 13.73745087
30 29 11.65206519
29 30 10.38425907
29 28 14.36661735
28 29 14.39022508
28 27 13.99688159
27 28 14.24388196
27 26 10.06269682
26 27 12.89953597
26 25 14.34450672
25 24 10.53508841
34 47 13.70627936
33 46 12.28587219
32 45 14.9198049
31 44 12.60333869
30 43 10.06656801
29 42 11.76320573
28 40 12.53314862
27 41 10.01405872
26 39 14.68634245
35 23 10.22457988
37 24 13.56581074
38 25 11.11518476
39 26 12.07857141
41 27 14.59422224
40 28 13.30600003
42 29 11.21763193
43 30 12.7977036
44 31 10.9793663
45 32 13.27555895
46 33 11.57838859
47 34 14.136346
47 49 14.99588065
47 46 11.76702624
46 49 11.83325669
46 45 13.84202448
45 50 13.26158259
45 44 11.35626334
44 43 13.53707024
44 51 14.73287444
43 42 11.75459874
43 52 14.61299522
42 40 13.84206933
40 41 12.35209266
41 39 10.88798373
39 38 13.29273083
38 37 13.29764586
37 35 10.16594148
35 36 14.25124856
36 35 14.31209782
35 37 14.57153817
37 38 12.84303167
38 39 12.77375261
39 41 13.44513369
41 40 13.02687693
40 42 10.47008482
42 43 13.43725001
43 44 14.65964073
44 45 13.5881996
45 46 12.3032917
46 47 11.33534255
49 46 13.88735305
49 47 14.27674524
49 50 14.58686812
50 49 11.11612323
50 51 11.87006039
50 45 13.22099673
51 50 11.70112711
51 44 11.58539625
51 52 10.75805946
52 51 13.66412489
52 43 10.39594183
56 52 10.26506157
52 56 13.90244883
56 57 10.35417423
57 56 11.39523272
57 58 10.78007771
58 59 14.09520915
59 60 10.2556273
60 61 14.18344661
61 62 12.28275005
62 63 13.77373072
63 36 13.72890663
36 63 13.42878968
63 62 12.31676428
62 61 10.20074316
61 60 11.70975712
60 59 12.2084646
59 58 13.17479248
58 57 14.07076368
58 40 14.48220972
40 58 14.28041372
57 42 12.77685527
42 57 14.38133922
59 41 12.84216439
41 59 12.31540266
60 39 14.76041831
39 60 11.50963389
61 38 10.56698033
38 61 12.57277011
62 37 11.9080929
37 62 10.87509371
63 64 14.54459026
64 63 12.9059128
63 65 12.77118943
65 63 10.24944425
64 65 10.85127674
65 64 12.62505888
65 67 12.79676983
64 66 12.9029876
66 67 13.71199007
67 65 11.09032232
67 66 11.25135235
66 64 11.54486169
71 66 13.72824466
71 70 14.31939371
66 71 14.06638189
70 71 13.82422422
70 69 14.53983626
69 70 10.31728301
70 72 12.51255299
72 73 13.47974769
73 72 11.72844573
72 70 13.65869289
69 68 12.53460761
68 67 10.64478382
67 68 10.7988053
68 69 13.25159463
68 83 14.07998904
83 68 13.20802122
72 75 14.08234008
75 72 10.21859554
75 74 10.15949339
74 75 10.19101211
74 71 12.16293289
71 74 12.52710217
69 76 11.0464708
76 69 10.61885736
77 76 13.74088112
76 75 11.94597634
75 76 10.26309877
76 77 11.29008614
77 68 12.140229
77 78 14.14379048
78 77 12.95138652
78 83 11.09549987
83 78 12.80286346
68 77 12.05652791
78 79 14.25231191
79 78 12.83092094
79 84 14.49633299
79 80 12.18008104
80 79 13.97345004
80 85 10.38185842
80 81 12.26323273
81 80 12.24220839
81 59 10.86254483
81 82 12.17302478
82 81 13.71376901
82 58 14.95828403
82 86 14.63061764
86 82 14.99325585
86 56 10.52788085
56 86 13.95895104
58 82 12.58130304
59 81 10.25672001
60 85 13.82105489
85 60 11.55238279
85 80 12.10155571
85 84 12.89199372
84 85 10.35092407
84 83 12.671696
83 84 13.28524871
84 79 11.48910945
84 61 12.26279682
61 84 14.45769317
62 83 14.30895395
83 62 14.1733752
56 87 10.56333693
87 56 12.16588221
47 48 11.1846525
48 47 10.55158162
87 90 10.59221506
90 87 11.0573906
90 91 12.09133103
91 90 10.15995686
91 92 14.72036885
92 91 11.99252931
92 93 11.84198215
93 92 14.34226688
93 94 13.13136828
94 93 10.25767968
384 94 13.31986965
94 384 14.7778959
93 48 13.75858004
48 93 11.6741564
48 384 13.21789151
384 48 14.25495946
384 89 13.484567
89 384 12.27115824
89 88 13.26704753
88 89 11.41169108
88 48 10.55197391
48 88 12.4706501
88 95 10.93086429
95 88 12.72708088
95 98 11.92638783
98 95 14.56343849
89 97 14.94416346
97 89 10.42708031
97 98 10.81256576
98 97 14.1925789
98 99 14.92455392
99 98 11.20621873
99 96 12.80684446
96 99 12.05588832
96 95 12.74907989
95 96 11.66016906
99 100 14.3802079
100 99 11.57503617
99 54 11.30256301
54 99 14.88380466
94 101 10.94417293
101 94 12.52552631
101 105 10.89323848
105 101 12.10860568
105 104 14.66400718
104 105 11.64805012
104 102 13.29884099
102 104 12.92543862
102 383 10.43947077
101 102 12.14005149
383 103 10.76661231
103 383 10.31504457
103 104 11.70399329
103 97 13.46643513
97 103 12.35148094
383 97 11.25530492
97 383 14.41064459
111 99 10.57689202
108 116 10.05941868
116 109 14.41325627
109 110 13.43475804
110 111 10.24419955
54 106 14.86270587
106 54 14.20621381
108 106 11.81602745
106 108 12.93885222
106 107 14.77425208
107 106 10.8914021
115 114 12.77856355
115 117 12.9752746
114 109 12.48191634
114 124 11.19883644
114 113 12.91940104
114 115 11.73896
124 123 14.01785492
124 125 14.83652936
124 114 12.88144901
123 124 13.90565133
123 118 12.54315565
118 123 12.19750896
125 124 10.55817146
125 126 11.40145384
125 113 14.88583485
113 125 14.50191536
126 125 10.31693022
126 112 12.9124729
112 126 12.4187656
126 127 11.04801536
127 126 10.18925375
127 112 10.53066133
112 127 11.43814846
112 111 11.07794483
111 112 14.06018947
112 113 12.67303417
113 112 10.15210431
113 110 10.08344698
110 113 11.0590741
113 114 13.15342417
109 114 10.29820413
118 117 13.27651865
117 118 14.70709957
118 119 11.92500522
119 118 14.44832577
119 120 13.80989534
120 119 13.74573534
120 117 12.33922165
117 120 14.97004134
120 121 13.58646367
121 120 13.63692291
128 116 12.30921032
116 128 12.35814669
128 115 11.00887896
115 128 14.34737372
128 122 13.21412821
122 128 11.38277736
122 121 11.84041836
121 122 14.72039724
115 121 13.51730497
121 115 11.76632331
100 127 10.20242192
127 100 13.50137009
122 129 12.82548253
129 122 10.40877633
129 130 13.03461938
130 129 10.76894878
130 121 12.11093311
121 130 12.66616391
130 131 14.89135357
131 130 11.78636611
131 120 13.94351476
120 131 10.8525235
130 133 14.44348529
133 130 10.9176224
133 132 13.4223108
132 133 14.52457464
132 129 13.0143042
129 132 10.03680325
131 134 11.64253922
133 140 11.44332922
140 134 12.72180893
134 131 10.74651198
134 135 10.66430223
135 134 10.19899944
134 140 10.47177884
140 133 11.25410218
141 132 14.06211076
132 141 12.71649503
140 141 14.47259381
141 140 12.61359492
135 136 14.74107324
136 135 10.98042777
136 137 10.25595827
137 136 13.06681778
137 138 11.38407043
138 137 11.71268262
138 139 13.14458847
139 138 12.58102157
139 108 12.62114873
108 139 10.6291913
141 136 11.58318679
100 148 12.45185635
100 143 13.19351688
143 142 11.05606382
143 144 12.51950271
143 100 13.99222854
148 146 11.14295815
148 149 11.62994269
149 148 11.73522358
146 148 13.9638735
146 145 13.0536806
146 147 12.53329864
147 146 14.90952839
147 156 10.3162819
156 147 10.56128147
156 145 14.92700227
145 156 12.86413327
145 146 11.37483036
145 144 10.98574146
144 145 11.09753437
144 143 14.05979366
144 165 13.14756885
165 144 11.43450159
142 143 10.73188618
142 105 13.76507876
105 142 13.53137058
165 158 14.2888331
158 157 14.58457543
157 156 13.7785259
156 157 10.03297392
157 158 13.95888639
158 165 14.59552192
158 159 10.4572274
159 158 12.83947278
159 163 11.83115434
159 160 11.4103971
160 159 11.62730515
163 159 10.66789433
163 162 11.65078268
162 163 14.71227273
162 161 12.91953404
161 162 12.5036669
161 160 10.42028236
160 161 10.34483072
162 164 13.56469405
164 162 13.5995948
147 150 10.43873364
150 147 14.16588788
150 155 13.58143106
155 150 13.59477026
150 151 12.71929969
151 152 14.01718143
152 153 13.19886666
153 152 13.98764128
152 151 10.33797368
151 154 12.4665428
154 151 10.12220788
151 150 10.69956423
189 188 12.70608938
188 189 12.60735482
188 187 12.84979059
187 188 11.45112026
187 186 14.32100337
186 187 10.5017815
187 184 10.52985075
184 187 10.04375842
184 185 14.63790683
185 184 11.63410189
184 183 10.78320934
183 184 12.29867986
183 168 10.97912262
168 183 13.45199067
168 167 12.07962565
167 168 12.79461264
167 166 11.81339025
166 167 10.33761447
166 74 14.97152796
74 166 14.60335674
74 170 13.00110538
170 74 14.48968283
170 169 12.98255776
169 170 10.10148063
169 168 14.52519229
168 169 13.20624811
169 172 14.404644
172 171 12.22864287
172 169 14.42563481
171 170 12.60038833
170 171 10.83447424
171 172 11.19453146
171 75 12.08222701
75 171 10.84928628
171 173 11.26100343
173 171 11.12006273
173 174 12.80563891
174 173 13.23156779
174 172 13.99112164
172 174 11.32916949
174 175 13.95397725
173 175 14.45488777
175 174 14.5397645
175 173 14.06914949
175 176 14.58152478
176 175 13.17998828
190 183 10.20968186
183 190 11.03271175
190 191 14.465374
191 190 10.50160205
191 192 14.6313993
191 195 14.4446849
195 191 12.88866322
195 194 11.92864927
195 197 13.10895184
192 168 14.95411726
168 192 10.36366136
192 193 10.01859603
193 192 11.73551678
193 194 14.18268273
194 193 13.38914365
193 172 13.29861395
172 193 10.92844465
194 196 14.58054092
196 194 12.3593395
196 198 12.89254476
198 196 10.06491999
196 197 13.65089985
197 196 10.02055919
197 195 11.22920325
197 199 14.11746727
199 197 13.42089815
199 198 10.24086658
198 199 14.13192543
198 200 10.094162
200 198 12.63009246
198 174 10.63285217
174 198 12.72323868
199 202 13.36073482
202 199 10.42608056
202 203 10.5739164
203 202 12.83199244
202 200 14.15189669
200 202 12.29222448
200 201 14.84036867
201 200 13.38205454
201 203 12.40517522
203 201 14.6533016
201 205 13.98944356
205 201 11.23618639
205 204 12.5234038
203 204 14.16062835
204 203 13.29218396
204 205 14.04408314
205 206 14.37440684
206 205 11.22856704
206 208 13.54194605
208 206 14.93931959
208 209 14.36736157
209 208 12.26521903
209 204 10.83565816
204 209 11.29799978
206 207 13.25304294
207 206 12.11368434
176 207 13.70678036
207 176 12.40586609
207 177 13.15411565
177 207 14.05422199
177 80 12.40592876
80 177 12.51633187
177 178 11.5511701
178 177 10.97220775
178 86 10.11100987
86 178 12.30812519
178 87 12.37243275
87 178 11.5814173
178 179 12.80272129
179 178 14.27940505
179 180 10.87714163
180 90 10.42579526
90 180 12.04892056
180 179 14.48735269
180 91 12.22709654
91 180 10.37399443
180 181 12.27555708
181 180 13.60485144
204 210 11.77384504
210 204 12.28715619
210 211 10.49980023
211 210 12.18849878
211 209 11.51157863
209 211 11.01395257
211 212 13.47428366
212 211 12.55294368
212 208 11.59637152
208 212 11.50185781
212 213 14.36689176
213 212 12.85074223
213 206 11.31498813
206 213 12.87293845
213 214 13.2255275
214 213 12.87052623
214 220 14.07984337
220 214 14.43785498
220 212 12.81839462
212 220 10.53095706
220 221 13.57365802
221 220 12.08470204
221 211 10.00455336
211 221 11.53127739
221 222 10.29346201
222 221 10.61217978
210 222 10.36463661
222 210 14.47688962
222 223 10.86257866
223 222 14.38148526
223 224 14.96300908
224 223 11.3198228
224 219 11.26879363
219 224 11.87718084
219 214 11.01075047
214 219 13.70160631
219 218 11.80796039
218 219 14.62425776
218 215 13.64694813
215 218 11.65446562
215 214 12.36637569
214 215 14.53548751
215 207 14.0122691
207 215 14.07933792
215 216 10.97333422
216 215 13.04459419
216 177 13.27428487
177 216 12.3844031
216 217 13.97776233
217 216 11.16790562
217 218 10.0534168
218 217 11.06411019
217 225 13.72944913
225 217 11.6879273
225 226 13.29018394
225 181 13.28413264
181 225 10.92976479
181 227 13.2130422
227 181 11.36528134
226 227 10.16997443
223 239 11.71665094
239 223 11.12994405
181 182 13.07584169
182 181 14.7256713
182 94 11.9773759
94 182 12.80253571
182 92 14.17460108
92 182 14.33852497
182 228 12.72298606
228 182 13.75216197
228 101 14.8692445
227 228 12.76231282
239 238 12.20731258
238 231 10.21754216
231 230 11.68822893
230 229 13.52875808
229 226 14.1760884
229 217 11.89856919
217 229 10.60230714
230 218 14.1353959
218 230 13.32886903
231 219 13.52469504
219 231 12.59537566
238 224 13.33595796
224 238 11.57493391
239 241 14.77840469
241 239 11.88805619
105 232 14.0885844
228 232 14.07425265
232 228 12.61860532
232 233 12.78731011
233 234 10.02592176
234 235 12.3684197
235 236 11.1724437
236 237 11.2868323
237 240 11.2663102
240 241 13.5977762
240 238 12.42946699
238 240 14.62142967
237 231 11.76040238
231 237 11.6127048
236 230 11.99550528
230 236 10.42118464
235 229 11.22767118
229 235 12.10421181
234 226 10.11564383
226 234 11.81934121
227 233 10.47974707
233 227 13.25206521
232 242 14.62835425
242 232 13.39744273
242 142 14.04367393
142 242 10.36295561
242 243 11.17910855
243 242 12.34751373
243 165 10.40100809
165 243 14.27855045
243 244 11.54568469
244 243 12.60869906
244 233 12.28247282
233 244 13.22875067
244 245 10.37394159
245 244 10.72940758
244 247 11.60182517
247 244 10.3647223
245 234 11.65852561
234 245 11.26330503
245 246 11.29627325
246 245 13.74450117
245 248 11.52260264
248 245 10.47094485
248 247 11.35652579
247 248 14.62555723
248 250 14.4367083
250 248 11.75258568
250 246 14.06735695
246 250 12.02986482
251 246 10.00213594
251 254 14.46867608
254 251 10.54872563
246 251 13.97013919
246 235 12.3309058
235 246 12.88886237
236 252 11.45751066
252 236 14.77186426
252 253 13.93040612
253 252 13.47546833
253 237 10.46353875
237 253 14.64958865
253 255 10.29849164
255 253 11.52163271
255 240 11.50876568
240 255 13.94855047
255 256 10.61595117
256 255 13.59409579
256 251 14.61282611
251 256 10.88585823
251 252 13.85925008
252 251 10.55750967
254 257 13.18797734
257 254 10.19351204
257 250 13.73817776
250 257 13.092302
257 258 10.40142581
258 257 11.39827036
258 249 13.61091772
249 258 11.74537798
249 247 12.54995404
247 249 12.09375331
249 259 13.3065804
259 249 14.38959512
259 266 10.79137487
266 258 14.53087071
258 266 13.30138577
266 265 13.52056531
265 266 13.11165363
265 260 13.59747718
260 259 13.03768482
259 260 12.65705864
260 261 10.94979686
261 260 10.58659954
261 264 11.38827635
264 265 10.02673888
265 264 11.64491248
266 259 10.98161359
260 265 10.36844706
264 261 10.82313629
261 262 14.46340923
262 261 13.63361574
262 263 12.12782782
263 262 14.28693738
263 264 10.3401152
264 263 11.2796838
241 293 11.73696631
293 300 12.05639602
300 301 13.0770535
301 302 10.65137542
302 303 10.94527151
303 304 14.98534552
304 305 11.45805371
305 306 10.32363833
306 307 12.57497671
307 308 13.42832907
308 309 11.39026464
309 294 14.15651672
294 239 11.80197547
296 223 11.61181863
223 296 11.4719486
296 295 14.87178195
295 296 14.24266449
295 297 11.56368368
295 294 13.53619147
294 295 14.43051328
297 295 12.28916788
297 309 11.25172538
309 297 14.79227816
297 298 10.60545371
298 297 13.33974109
298 308 11.25651952
308 298 14.54979358
298 299 12.54493924
299 298 10.32627817
300 309 10.35684286
309 300 11.94900823
293 294 13.82584713
294 293 10.33418632
293 291 14.21752535
291 293 11.62841033
291 289 12.11060132
289 291 11.33368345
291 292 11.01438224
292 291 14.65262377
292 241 12.60237067
292 290 10.9870601
292 255 12.82301965
255 292 14.17573006
241 292 12.9392074
290 292 11.64770128
290 289 11.6072993
290 256 10.7154127
256 290 12.92543361
289 290 10.36934422
290 285 12.86385149
285 290 10.99899688
285 286 11.60232551
286 285 10.61430563
286 289 13.64554992
289 286 12.91397198
301 308 10.0940769
308 301 11.57735778
302 307 13.99463042
307 302 13.767087
303 306 12.62353965
306 303 11.91239598
286 287 11.34476823
287 286 10.51016141
287 284 13.70144415
284 287 11.52318222
284 285 14.59109193
285 284 11.66437221
284 283 12.85857763
283 282 13.7796186
282 287 12.8907957
287 282 11.89835193
282 283 10.34955446
283 284 10.44688332
283 269 13.82866219
269 267 12.44074315
267 256 10.75774326
256 267 12.30285879
267 285 14.30686063
285 267 10.35455907
267 268 14.86840369
268 267 13.13530751
268 254 14.38352063
254 268 10.66906215
268 269 13.63507784
269 268 14.9173043
269 270 11.62121679
270 269 12.15767979
270 281 12.75604006
281 270 12.99375364
281 282 13.28531399
282 281 11.19893096
281 288 14.39417447
288 281 10.14306465
281 280 10.9973752
280 281 10.30110907
280 271 10.11811152
271 270 10.56181596
270 271 11.40010416
280 279 10.65585799
279 280 10.48128927
279 272 13.10176985
272 271 13.3304591
271 272 13.11479569
271 280 11.44259137
272 279 14.04350185
272 266 14.51938389
266 272 12.93104164
271 258 13.09038868
258 271 13.74725627
270 257 12.69497806
257 270 13.78683102
279 278 11.60662818
278 279 13.17512719
278 273 10.97054991
273 272 14.29508926
272 273 14.46164742
278 277 13.48197767
277 278 13.95666582
276 277 10.44160486
277 276 14.40538393
276 275 12.19011955
275 276 10.17778512
275 263 14.36746813
263 275 10.98511817
275 274 11.10400969
274 275 11.84441832
274 273 10.54127326
273 274 12.76218071
274 277 13.91575105
277 274 10.11407946
274 264 11.10419543
264 274 13.6258582
273 265 11.11018233
265 273 14.54901478
300 316 11.67376721
316 300 14.37227982
316 291 12.14612445
291 316 11.83477065
316 315 13.88554943
315 316 11.30372677
315 314 14.82750178
314 315 13.27098872
315 313 14.78640876
313 315 13.59479914
316 317 14.71133566
317 316 10.32460509
317 301 14.51904939
301 317 13.57039426
317 318 13.76229828
318 317 12.02389756
317 361 13.59093458
361 317 10.93067133
361 314 11.480368
314 361 13.1754607
361 319 12.23503746
319 361 13.72927506
319 318 11.94177359
318 319 10.3409154
318 302 14.43247116
302 318 11.94714798
318 340 14.95782815
340 318 13.42914333
340 303 11.36238012
303 340 14.49659359
306 322 11.76194807
322 306 12.56062417
307 357 14.48309795
357 307 13.02720578
357 322 12.83254311
322 357 10.86179116
357 299 13.31773891
299 357 12.31221741
299 323 10.86625953
323 299 12.58166412
323 322 14.88250209
322 323 14.46801664
322 325 10.28985321
325 322 14.25826189
325 324 11.29580612
324 323 14.68228767
323 324 12.77332386
324 325 10.67481676
325 358 10.55895455
358 325 10.66967034
358 333 14.48173452
333 358 14.54443192
358 305 12.0308731
305 358 14.43545336
305 304 10.10438859
304 303 14.46193874
324 330 14.61373547
330 324 12.97154609
330 329 10.61199876
329 330 10.13016628
329 328 12.24213239
328 329 10.04070714
329 326 13.92898054
326 329 11.62922725
326 327 13.42660307
327 326 12.15449963
326 325 13.47548089
325 326 11.62460167
327 333 12.14055154
333 327 13.83145695
327 328 13.16746336
328 327 13.94375775
328 331 14.97977339
331 328 11.57151444
331 332 12.79268656
332 331 11.47566369
331 337 12.3730853
337 331 11.53680205
333 334 14.96439488
334 333 10.10374129
334 335 14.81916397
335 334 10.82366426
335 336 14.91871129
336 335 11.73360711
336 339 12.76404181
339 336 14.63707853
332 334 13.47183192
334 332 13.99964787
332 337 13.11020981
337 332 10.91969312
332 338 11.59596734
338 332 12.09356382
338 356 11.74751778
356 338 12.2951726
356 339 13.02705445
339 356 10.35891643
339 355 10.8515933
355 339 10.65648248
344 341 14.5176219
341 344 14.4741677
335 340 13.91658385
340 335 12.32724801
344 343 11.74199717
343 344 11.1269238
343 354 13.76498369
354 343 13.67630439
339 359 13.92293656
359 354 13.99016726
354 359 10.48191268
359 344 10.81683974
344 359 12.63832591
354 355 12.55333347
355 354 14.71758056
356 355 13.54103681
355 356 11.6434025
354 353 11.79153408
353 354 14.50668752
353 352 12.27164672
352 353 14.81248614
352 343 13.32043582
343 352 11.82617369
352 348 12.81047763
348 345 10.01016058
348 347 11.83932369
348 352 13.32686337
343 342 12.28506796
342 360 11.6367749
360 342 11.15695291
360 341 12.21746612
341 360 10.11065199
360 319 11.39512565
319 360 14.36214206
342 343 11.60047916
345 348 13.75840039
347 348 13.60533052
347 350 10.72297275
350 347 10.03201259
350 349 12.65509288
349 350 11.8711833
349 346 10.46828187
346 345 14.96627977
346 347 13.25064118
347 346 14.50208659
345 346 14.39057607
346 349 14.25406836
349 351 10.10157204
351 349 11.00948497
345 320 11.52075797
320 345 13.12447943
320 361 10.93318871
361 320 12.31877226
320 321 13.88620878
321 320 13.16534284
321 313 12.11109006
313 321 12.87974342
313 314 10.91476652
314 313 12.06118688
313 312 14.07062895
312 313 10.18290253
321 311 13.6175257
311 321 10.63424724
311 310 10.40887181
310 311 11.52692246
311 312 11.74232631
312 311 13.31769465
312 310 14.63494716
310 312 10.35818448
310 287 10.40671226
287 310 10.37042548
344 362 13.8645097
362 363 12.85509882
363 364 14.49108926
364 363 14.73047916
364 362 13.51366302
363 362 11.49077364
362 364 11.10523628
362 344 11.01087236
364 365 13.29359574
365 364 12.91633858
365 340 11.02330695
340 365 12.94741556
365 341 13.46674708
341 365 12.45519345
336 338 10.73416515
338 336 12.08994249
355 368 13.52476003
368 355 10.34085618
368 366 12.93076888
366 368 14.06632749
366 353 11.33310019
353 366 10.79463579
366 367 13.8922158
368 367 14.84525198
367 368 10.91365421
367 366 14.01710245
367 369 14.83822636
369 367 12.19777722
369 382 14.84604404
382 369 10.08619059
382 338 13.05980856
338 382 11.60274501
382 374 10.23366406
374 382 13.50091529
374 381 10.59215283
381 374 11.10759102
374 373 12.02128249
373 374 10.63852715
376 375 12.71995794
375 376 10.44568994
375 377 10.33886226
377 337 12.69006018
337 377 13.11947396
377 375 14.30080249
377 378 11.33433948
378 377 14.95287918
375 373 11.45196067
373 375 12.55088463
373 372 14.39048838
372 373 10.39151554
372 371 10.02780072
371 372 13.79465699
371 380 10.30358845
380 371 13.36126429
380 381 11.36768748
381 380 14.91025848
380 370 13.65643596
370 380 13.02991767
370 371 13.19822821
371 370 10.28172124
370 379 10.3591343
379 370 12.10846524
379 330 14.85853148
330 379 13.08591734
383 384 13.98315563
384 383 11.85392558
385 379 12.70418017
379 385 14.21510802
