0 742.9513932799999 1024.3379200000006
1 768.6221798399997 978.0777600000017
2 785.2119731199997 955.4220800000026
3 797.8865663999995 930.3088000000032
4 811.1995596799994 908.062720000004
5 824.9221529599993 884.5878400000047
6 838.6447462399991 859.4745600000053
7 851.138539519999 836.9996800000063
8 865.0419327999989 810.2480000000071
9 879.4685260799988 787.4771200000077
10 894.4199193599986 764.0022400000084
11 707.4385126399985 975.228160000009
12 692.0 999.2668800000101
13 719.9092991999981 950.3968000000107
14 734.8606924799981 925.4643200000114
15 747.354485759998 901.9894400000123
16 760.6674790399979 880.1529600000131
17 773.2268723199977 855.7436800000137
18 785.2119731199997 829.8112000000144
19 800.6720588799975 807.5651200000152
20 815.2138521599973 781.223040000016
21 828.5268454399973 757.1097600000166
22 843.2494387199971 735.2732800000174
23 635.788031999997 969.0272000000182
24 649.9202252799969 945.1427200000189
25 663.9372185599967 922.7814400000198
26 679.4790118399966 898.8969600000205
27 696.0688051199965 875.0124800000212
28 709.7913983999963 850.8992000000219
29 724.3331916799963 824.9667200000226
30 734.8606924799981 802.7206400000234
31 751.139978239996 776.3785600000242
32 763.2241715199958 753.722880000025
33 776.4219647999957 729.3136000000256
34 790.9637580799956 706.6579200000265
35 586.7791513599956 939.3638400000273
36 568.3241446399953 960.1257600000279
37 598.8403379199952 916.1708800000285
38 612.1533311999951 891.0576000000292
39 628.333524479995 866.3539200000303
40 655.7537177599949 819.531840000031
41 640.2795110399948 844.2745600000317
42 668.3381043199946 795.9948800000323
43 681.6510975999944 770.4720000000332
44 696.0688051199965 745.3587200000338
45 709.7913983999963 723.9318400000345
46 724.3331916799963 698.8185600000352
47 737.4550707199941 674.4201600000351
48 744.927070719994 661.4819200000704
49 707.3274572799937 686.0502400000346
50 675.5844505599937 701.0089600000351
51 646.2990438399934 716.0761600000351
52 612.1533311999951 731.552960000035
53 904.3490303999932 749.5955200000078
54 914.156423679993 735.2732800000174
55 754.6499865599999 1002.6310400000011
56 596.4956876799868 723.9318400000345
57 592.7963315199801 757.1097600000166
58 589.2777753599736 781.223040000016
59 586.7791513599956 810.2480000000071
60 582.4694630399603 841.7529600002101
61 578.3605068799537 871.803520000245
62 574.6813311999952 905.9500800002802
63 568.3241446399953 939.3638400000273
64 527.3522892799906 925.4643200000114
65 544.5881446399953 909.6851200002452
66 502.2645785599814 912.2886400001112
67 527.3522892799906 891.0576000000292
68 515.4220364799764 874.4070400001112
69 502.2645785599814 882.2886400001112
70 485.8566630399762 896.5024000001408
71 477.95003647997646 905.9500800002802
72 452.171289599976 858.6208000001407
73 433.8046028799758 874.4070400001112
74 396.3326028799758 874.4070400001112
75 441.27660287997577 836.9996800000063
76 459.64328959997596 824.9667200000226
77 473.44185599997513 813.7616000001451
78 490.77116927997497 802.7206400000234
79 507.19648255997487 787.4771200000077
80 527.3522892799906 770.4720000000332
81 544.6684825599749 757.1097600000166
82 564.8242892799906 745.3587200000338
83 534.8242892799906 858.6208000001407
84 552.8940364799764 844.2745600000317
85 568.3241446399953 829.8112000000144
86 582.1404825599749 726.7200000001505
87 608.8270438399934 708.1945600000349
88 774.927070719994 674.4201600000351
89 785.2119731199997 653.6003200000705
90 635.788031999997 686.0502400000346
91 663.9372185599967 670.3920000001172
92 678.9230156798499 663.1273600000352
93 709.7913983999963 660.9369600000352
94 729.9645235197748 623.0553600000351
95 790.9637580799956 682.3017600000351
96 822.6839731199997 697.3916800000175
97 811.1995596799994 609.8188800002813
98 828.5268454399973 623.0553600000351
99 843.2494387199971 643.6412800002824
100 859.345971199699 605.7596800002823
101 751.139978239996 569.8339200000703
102 767.4365235197748 577.7155200000702
103 792.6839731199997 571.9372800002811
104 777.7399731199997 554.0681600002108
105 767.4365235197748 546.1865600002106
106 959.3241881581989 802.7206400000234
107 991.2087116779736 875.0124800000212
108 973.4532351977484 815.8304000003511
109 941.8210303999932 757.4771200000077
110 921.628423679993 729.3136000000256
111 899.6348057570732 697.3916800000175
112 914.156423679993 674.4201600000351
113 932.7078527966227 697.3916800000175
114 954.6147660766225 723.9318400000345
115 979.2930303999932 757.4771200000077
116 966.7961881581989 793.8112000005267
117 992.0867660766224 729.3136000000256
118 1005.0664191966214 697.3916800000175
119 1079.869332476621 796.7712000005267
120 1059.4642457566206 812.9632000005267
121 1038.0111590366205 829.8112000000144
122 1016.5820723166203 844.2745600000317
123 1012.5384191966214 674.4201600000351
124 979.2930303999932 666.5385600000352
125 951.628423679993 653.6003200000705
126 921.628423679993 643.6412800002824
127 879.4685260799988 628.0592000005267
128 971.8210303999932 781.223040000016
129 1075.389332476621 930.3088000000032
130 1099.274216949861 912.8620800000951
131 1120.2802892664818 898.8969600000205
132 1141.286361583102 1013.7296000001586
133 1160.3724338997226 999.2668800000101
134 1301.1105785329632 1129.747120000041
135 1364.118867799445 1189.3926133333946
136 1326.6468677994449 1219.7654400000818
137 1299.5745785329632 1257.647040000082
138 1307.046578532963 1278.4277600001226
139 1292.102578532963 1295.528640000082
140 1277.6263141318532 1143.1740800001635
141 1255.634603398335 1161.484720000041
142 785.2119731199997 534.0556800002812
143 796.8791731199997 526.174080000281
144 822.6839731199997 506.75712
145 843.2494387199971 526.174080000281
146 873.2494387199971 569.8339200000703
147 880.7214387199971 554.0681600002108
148 866.817971199699 585.1737600000349
149 1020.0104191966213 643.6412800002824
150 966.7961881581989 585.1737600000349
151 995.3635660766224 598.3504000023177
152 1029.5587660766223 609.8188800002813
153 1039.9106457570729 575.7494400000703
154 1006.3708057570728 562.7625600023175
155 979.2930303999932 554.8809600023174
156 885.3089587199971 543.166720003371
157 894.4199193599986 516.1865600002109
158 856.9479193599987 494.36448000379227
159 872.0577433559478 460.78880000379183
160 885.3089587199971 437.3027200037915
161 861.3758233559494 429.42112000379143
162 847.8369587199971 431.6182400037907
163 856.9479193599987 449.7475200037903
164 823.9038233559494 437.3027200037915
165 841.1998387199973 487.6291200037904
166 347.6892057599516 912.2886400001112
167 310.21720575995164 866.3539200000303
168 358.86060287997583 829.8112000000144
169 373.8390143998791 844.2745600000317
170 388.86060287997583 858.6208000001407
171 433.8046028799758 824.9667200000226
172 415.71638015983154 806.3929600000315
173 480.9138559999751 779.846400000778
174 463.5647001598336 764.8390400000235
175 507.19648255997487 723.9318400000345
176 521.0130201598357 691.6092800007766
177 564.8242892799906 683.7276800007767
178 589.6124825599749 697.3916800000175
179 616.7455001598387 643.6412800002824
180 643.260031999997 655.245760000035
181 675.5844505599937 592.1526400007745
182 707.3274572799937 609.8188800002813
183 336.36701439987917 802.7206400000234
184 304.80630015984383 802.7206400000234
185 241.69046015984486 731.552960000035
186 222.37462015984596 749.5955200000078
187 271.898780159847 806.3929600000315
188 234.426780159847 806.3929600000315
189 184.90262015984592 749.5955200000078
190 309.37078015984696 764.8390400000235
191 330.9490431996375 745.3587200000338
192 385.15101439987905 802.7206400000234
193 396.3326028799758 790.6297600000314
194 403.8046028799758 779.846400000778
195 351.8684057599516 723.9318400000345
196 422.623014399879 764.8390400000235
197 373.8390143998791 703.5196800031122
198 442.80185599997515 745.3587200000338
199 389.3404057599516 686.0502400000346
200 463.5647001598336 723.9318400000345
201 485.8566630399762 703.5196800031122
202 411.31101439987907 665.638080003112
203 430.9771801598343 649.8881066721101
204 447.8350207999751 624.2004403205269
205 502.7838694398364 681.6028876854425
206 511.761267199837 655.245760000035
207 535.3282099198378 669.3941196854421
208 495.3118694398364 644.9967257654419
209 475.5986508798393 632.0820403205269
210 457.83986943983643 601.3320806410536
211 485.3070207999751 609.2136806410538
212 506.3548671999004 617.3641600000349
213 522.779020799975 624.2004403205269
214 535.3282099198378 594.7740800007746
215 560.251020799975 609.8188800002813
216 589.6124825599749 626.0655692821078
217 619.2998271999007 560.8419532821081
218 591.2733951999008 546.1865600002106
219 562.4178431999009 529.8871372821084
220 521.0130201598357 586.318840320527
221 497.85620991983785 575.6492492821087
222 491.74481919990103 519.1249612821089
223 494.3892351999011 489.6441932821089
224 529.216819199901 511.24336128210876
225 646.6068991999011 575.6492492821087
226 668.0829951999013 527.6408012821094
227 696.0688051199965 544.3202252821095
228 728.5929471999015 558.8141132821097
229 641.5414271999015 514.0377292821097
230 611.3265791999015 500.7672012821099
231 581.9467391999016 486.1859532821102
232 744.927070719994 522.4606412821101
233 717.4298751999016 500.7672012821099
234 690.1471871999017 483.3307852821106
235 660.5315711999018 469.75075328211057
236 633.3832831999019 457.34076928211044
237 603.8756991999018 440.21219328211043
238 550.5130111999019 472.1045452821104
239 513.041011199902 453.14096128211037
240 573.1158911999021 422.9478732821104
241 538.3654271999021 406.6057292821103
242 767.4365235197748 477.03324928211026
243 781.9130111999021 453.14096128211037
244 748.2111231999022 433.1253452821102
245 721.6298111999022 415.5151692821102
246 691.6465151999022 396.28944128211015
247 759.1018111999022 413.76387328211007
248 733.2946431999025 386.93596928211
249 770.7666431999024 383.96316928211
250 710.8087551999026 354.52131328211
251 669.7668351999024 377.50076928210996
252 654.1745151999022 399.9559372821099
253 633.3832831999019 392.07433728210987
254 679.5966591999027 356.78588928210985
255 597.7029631999027 374.82729728210984
256 614.3327231999027 345.11580928210975
257 698.1199231999027 334.8515532821097
258 719.3293311999025 318.9042892821098
259 785.6432511999028 356.78588928210985
260 800.0049791999029 328.0729932821096
261 814.7997311999028 298.8857932821096
262 827.759475199903 268.1257292821096
263 811.3590911999031 249.42428928210953
264 787.1429631999031 268.1257292821096
265 765.8045311999032 283.10512128210945
266 743.1126911999031 301.31740928210934
267 627.6414463998054 318.9042892821098
268 658.3821695997082 328.0729932821096
269 641.5414271999015 295.71283712843893
270 658.3821695997082 281.02268928210975
271 679.5966591999027 262.0948556926584
272 700.196262399319 245.30986497476812
273 725.6565247986381 227.08045569265838
274 745.3823871979571 212.07999492430434
275 770.7666431999024 193.85065989907238
276 748.2111231999022 165.1525248738405
277 725.6565247986381 183.55838984860856
278 707.9103871979571 203.03412487384054
279 684.5444991945524 224.21325569265838
280 665.8541695997081 240.9157248738406
281 633.3832831999019 243.1410892821097
282 614.3327231999027 249.42428928210953
283 625.911283199902 273.1410892821097
284 604.0694271999015 268.1257292821096
285 590.1694463998055 299.002114722449
286 560.9892479925106 281.02268928210975
287 590.1694463998055 262.0948556926584
288 673.3261695997081 205.25948928210966
289 529.216819199901 303.3845147224488
290 576.8607231999027 328.0729932821096
291 494.3892351999011 328.0729932821096
292 560.9892479925106 356.0725147224487
293 476.4711807925125 374.82729728210984
294 453.71237119251276 425.34771472244864
295 428.0863615925131 455.34771472244864
296 443.1915519925134 463.2293147224487
297 384.6239231850261 435.28902944489727
298 318.2238847775392 406.6057292821103
299 274.35947517753954 377.50076928210996
300 420.5366655775398 347.17434416734585
301 360.09465597754007 316.36634416734574
302 336.92624637754034 303.3845147224488
303 302.6986367775406 287.7471441673457
304 270.29022717754094 270.86554416734566
305 250.8082175775412 287.7471441673457
306 274.35947517753954 316.36634416734574
307 302.6986367775406 345.11580928210975
308 336.92624637754034 366.30057666938256
309 395.9023358877048 395.3213208367282
310 544.8240127996108 231.21563138531678
311 519.4670591994163 227.20616707797527
312 519.4670591994163 255.96470277063364
313 465.4593919990273 243.1410892821097
314 430.2550783988328 251.87793415595044
315 453.71237119251276 265.8994541559503
316 439.23464319883334 303.3845147224488
317 381.62250559883364 275.36297415595004
318 360.09465597754007 267.48137415595
319 384.6239231850261 231.21563138531678
320 430.2550783988328 180.35177415594956
321 481.99505919941635 218.0831027706336
322 256.55575999883536 339.6191692821099
323 244.16346239883566 356.78588928210985
324 199.00316479883594 328.0729932821096
325 215.42296959767188 306.67462656421924
326 171.87733439650785 265.8994541559503
327 197.0186687930157 237.48137415595
328 184.14912318952355 224.4110024678509
329 156.5339775860314 251.87793415595047
330 122.69291198253927 228.12543077975147
331 174.53654396507855 199.59977415594994
332 219.48193594761784 186.52940246785084
333 227.39948793015714 267.48137415595
334 246.4581599126964 243.1410892821097
335 264.87148793015706 224.4110024678509
336 256.9539359476178 197.6815354582601
337 174.53654396507855 123.25144623801162
338 231.59780784285357 104.19927701776305
339 264.87148793015706 142.0808770177631
340 324.92233264285375 251.87793415595044
341 355.7213950428539 213.9963341559504
342 403.90445744285404 180.35177415594956
343 344.77231984285424 138.2331341559503
344 318.2238847775392 176.11473415595034
345 420.5366655775398 165.1525248738405
346 434.6639070428546 147.01527701776274
347 407.3653694428547 123.25144623801162
348 395.9023358877048 134.66487701776265
349 449.07389424285503 131.13304623801167
350 424.34815664285514 104.19927701776305
351 465.4593919990273 104.19927701776305
352 369.8086396857085 110.68706831190059
353 348.96975952856275 79.04500246785082
354 318.2238847775392 116.92660246785087
355 293.3655992142713 101.18647077975137
356 250.8082175775412 93.30487077975133
357 285.2373503550791 364.6674892821099
358 236.88747517753956 279.86554416734566
359 290.0069758603141 154.80820246785092
360 377.15192318502613 223.33403138531673
361 400.80657279883457 237.48137415595
362 302.6986367775406 201.28866831190066
363 290.0069758603141 213.9963341559504
364 318.2238847775392 218.0831027706336
365 344.15050559883366 231.21563138531678
366 324.92233264285375 60.731604935701625
367 287.45033264285377 52.85000493570158
368 306.296638114251 79.04500246785082
369 242.7134652857075 33.29360987140312
370 42.69573057141508 11.841619742806245
371 97.08206321426889 44.12362467850778
372 128.34999585712262 65.34642961420934
373 143.23392849997646 76.7388345499109
374 178.56225699995292 41.5064690998218
375 159.0041854999294 93.30487077975133
376 190.46531399990585 60.731604935701625
377 169.67844249988235 110.68706831190059
378 197.0186687930157 93.30487077975133
379 8.730299499835269 -10.450558150623777
380 112.28102799981171 6.2420246785077325
381 159.0041854999294 24.989649357015445
382 208.85499792856135 55.42327077975128
383 785.2119731199997 586.318840320527
384 758.4624438962279 636.5385600000352
385 -424.30802905652854 -375.3659261721201